2: 0 
3: 0 
4: 1 
5: 0 2 
6: 1 
7: 0 4 
8: 3 5 
9: 2 4 
10: 3 7 
11: 0 6 8 
12: 1 5 7 
13: 0 6 10 
14: 3 9 
15: 2 4 8 
16: 3 13 
17: 0 6 12 14 
18: 1 5 11 13 
19: 0 12 
20: 3 9 17 
21: 2 8 10 16 
22: 9 15 19 
23: 0 6 18 20 
24: 5 7 13 17 19 
25: 6 12 18 22 
26: 3 15 21 
27: 4 10 14 16 20 
28: 9 15 25 
29: 0 12 18 24 
30: 1 7 11 13 17 23 
31: 0 12 28 
32: 9 15 21 27 29 
33: 4 10 14 20 26 28 
34: 3 27 
35: 6 12 18 24 32 
36: 5 7 17 23 25 31 
37: 0 6 24 30 34 
38: 9 15 21 33 35 
39: 2 8 20 22 28 32 34 
40: 3 21 27 33 
41: 0 12 18 30 38 
42: 1 5 11 19 25 29 31 37 
43: 0 24 30 36 40 
44: 3 15 27 39 
45: 2 8 14 16 22 26 28 34 38 
46: 15 27 33 43 
47: 0 6 24 36 42 
48: 5 11 19 25 31 35 41 
49: 12 18 30 
50: 3 9 21 33 39 47 
51: 8 10 20 22 28 32 38 46 
52: 9 15 21 45 49 
53: 0 6 30 36 48 50 
54: 7 13 17 25 35 43 47 49 
55: 12 18 24 42 48 52 
56: 3 15 27 33 45 51 53 
57: 4 10 14 16 26 40 44 46 50 52 
58: 15 21 39 45 51 55 
59: 0 12 30 42 48 54 
60: 1 7 13 19 23 29 37 41 43 47 49 53 
61: 0 18 42 48 
62: 9 21 39 45 51 
63: 4 10 16 20 26 34 40 44 46 50 
64: 3 33 45 
65: 6 18 24 36 42 48 62 
66: 5 7 13 23 35 37 43 47 61 
67: 0 6 30 36 60 64 
68: 15 21 39 45 63 
69: 2 10 28 32 38 40 58 62 
70: 3 9 27 33 39 57 67 

time elapsed: 0.171527 seconds

primes used: [2, 3, 5, 7, 11, 13, 17, 19, 23, 29, 31, 37, 41, 43, 47, 53, 59, 61, 67, 71, 73, 79, 83, 89, 97, 101, 103, 107, 109, 113, 127, 131, 137]

